{
 "chain_iptm": [
  0.46,
  0.28,
  0.17,
  0.51,
  0.37,
  0.39,
  0.39
 ],
 "chain_pair_iptm": [
  [
   0.18,
   0.76,
   0.15,
   0.32,
   0.16,
   0.69,
   0.69
  ],
  [
   0.76,
   0.61,
   0.04,
   0.68,
   0.09,
   0.06,
   0.06
  ],
  [
   0.15,
   0.04,
   0.61,
   0.08,
   0.63,
   0.05,
   0.05
  ],
  [
   0.32,
   0.68,
   0.08,
   0.25,
   0.18,
   0.91,
   0.91
  ],
  [
   0.16,
   0.09,
   0.63,
   0.18,
   0.28,
   0.59,
   0.57
  ],
  [
   0.69,
   0.06,
   0.05,
   0.91,
   0.59,
   0.02,
   0.05
  ],
  [
   0.69,
   0.06,
   0.05,
   0.91,
   0.57,
   0.05,
   0.02
  ]
 ],
 "chain_pair_pae_min": [
  [
   0.76,
   1.29,
   21.19,
   1.15,
   12.95,
   6.36,
   7.37
  ],
  [
   1.06,
   0.76,
   29.05,
   1.2,
   23.95,
   22.56,
   21.49
  ],
  [
   24.19,
   29.28,
   0.76,
   21.97,
   1.72,
   20.92,
   22.7
  ],
  [
   1.27,
   1.24,
   26.6,
   0.76,
   6.53,
   1.5,
   1.74
  ],
  [
   16.44,
   25.83,
   2.07,
   7.42,
   0.76,
   5.5,
   5.77
  ],
  [
   4.81,
   24.24,
   27.3,
   1.92,
   6.46,
   0.79,
   1.38
  ],
  [
   7.27,
   24.44,
   27.22,
   1.95,
   6.81,
   1.4,
   0.8
  ]
 ],
 "chain_ptm": [
  0.18,
  0.61,
  0.61,
  0.25,
  0.28,
  0.02,
  0.02
 ],
 "fraction_disordered": 0.64,
 "has_clash": 0.0,
 "iptm": 0.32,
 "num_recycles": 10.0,
 "ptm": 0.29,
 "ranking_score": 0.63
}