{
 "chain_iptm": [
  0.48,
  0.29,
  0.17,
  0.53,
  0.43,
  0.42,
  0.42
 ],
 "chain_pair_iptm": [
  [
   0.19,
   0.75,
   0.13,
   0.34,
   0.19,
   0.73,
   0.72
  ],
  [
   0.75,
   0.61,
   0.04,
   0.68,
   0.12,
   0.08,
   0.08
  ],
  [
   0.13,
   0.04,
   0.6,
   0.1,
   0.63,
   0.06,
   0.06
  ],
  [
   0.34,
   0.68,
   0.1,
   0.28,
   0.23,
   0.91,
   0.91
  ],
  [
   0.19,
   0.12,
   0.63,
   0.23,
   0.29,
   0.7,
   0.68
  ],
  [
   0.73,
   0.08,
   0.06,
   0.91,
   0.7,
   0.02,
   0.05
  ],
  [
   0.72,
   0.08,
   0.06,
   0.91,
   0.68,
   0.05,
   0.02
  ]
 ],
 "chain_pair_pae_min": [
  [
   0.76,
   1.27,
   25.58,
   1.07,
   12.66,
   5.29,
   6.08
  ],
  [
   1.02,
   0.76,
   28.12,
   1.16,
   23.89,
   19.14,
   17.99
  ],
  [
   25.41,
   29.08,
   0.76,
   21.86,
   1.56,
   20.86,
   20.7
  ],
  [
   1.18,
   1.19,
   24.01,
   0.76,
   5.52,
   1.53,
   1.64
  ],
  [
   13.94,
   22.14,
   1.99,
   5.83,
   0.76,
   3.86,
   3.88
  ],
  [
   6.63,
   19.94,
   25.07,
   1.72,
   4.87,
   0.79,
   1.39
  ],
  [
   7.55,
   20.27,
   24.88,
   1.83,
   5.51,
   1.33,
   0.8
  ]
 ],
 "chain_ptm": [
  0.19,
  0.61,
  0.6,
  0.28,
  0.29,
  0.02,
  0.02
 ],
 "fraction_disordered": 0.57,
 "has_clash": 0.0,
 "iptm": 0.33,
 "num_recycles": 10.0,
 "ptm": 0.3,
 "ranking_score": 0.61
}