{
 "chain_iptm": [
  0.48,
  0.29,
  0.2,
  0.52,
  0.37,
  0.39,
  0.39
 ],
 "chain_pair_iptm": [
  [
   0.18,
   0.74,
   0.21,
   0.33,
   0.17,
   0.72,
   0.71
  ],
  [
   0.74,
   0.59,
   0.09,
   0.66,
   0.16,
   0.06,
   0.06
  ],
  [
   0.21,
   0.09,
   0.58,
   0.13,
   0.61,
   0.06,
   0.06
  ],
  [
   0.33,
   0.66,
   0.13,
   0.27,
   0.2,
   0.9,
   0.9
  ],
  [
   0.17,
   0.16,
   0.61,
   0.2,
   0.28,
   0.55,
   0.54
  ],
  [
   0.72,
   0.06,
   0.06,
   0.9,
   0.55,
   0.02,
   0.05
  ],
  [
   0.71,
   0.06,
   0.06,
   0.9,
   0.54,
   0.05,
   0.02
  ]
 ],
 "chain_pair_pae_min": [
  [
   0.76,
   1.29,
   20.79,
   1.22,
   14.5,
   5.73,
   6.66
  ],
  [
   1.24,
   0.76,
   25.45,
   1.34,
   23.5,
   21.6,
   21.34
  ],
  [
   18.7,
   22.73,
   0.76,
   20.0,
   2.18,
   22.51,
   22.08
  ],
  [
   1.38,
   1.24,
   22.93,
   0.76,
   8.22,
   1.72,
   1.81
  ],
  [
   18.37,
   19.97,
   1.96,
   7.55,
   0.76,
   5.93,
   5.8
  ],
  [
   6.85,
   22.39,
   24.67,
   1.92,
   7.24,
   0.79,
   1.41
  ],
  [
   8.8,
   20.87,
   23.18,
   1.87,
   7.36,
   1.36,
   0.8
  ]
 ],
 "chain_ptm": [
  0.18,
  0.59,
  0.58,
  0.27,
  0.28,
  0.02,
  0.02
 ],
 "fraction_disordered": 0.76,
 "has_clash": 1.0,
 "iptm": 0.34,
 "num_recycles": 10.0,
 "ptm": 0.3,
 "ranking_score": -99.28
}